64 64
1 -0.181818 38.1818 64.3636 25.8182
2 0.5 59 18.25 5.5
6 16.25 12.5 47.75 52.25
7 0.5 31.25 18.5 32.5
8 16 10.5 48.5 54.25
9 0.5 5.75 63.25 5759.25
10 25 15.5 39.25 48.25
11 0.25 6.25 64 58.25
12 0 31.5 11 32.5
13 31 13 32.75 50.75
14 0.75 3.5 63.25 60.25
15 0.25 38.75 19.75 24.
16 28 0.75 36 62.25
17 -0.25 0.25 64.5 63.75
18 0.25 0.25 61.25 64
19 7.75 0.75 55.75 63.5
20 0 -0.25 64 64.5
21 0 11.75 64.25 52.25
22 0.5 0.25 63.5 64
23 0.25 0.25 44.5 64
24 15.75 0.25 48 63.75
25 0 -0.25 64 64.75
26 21.5 0.75 42.5 63.25
27 0 0.5 64.25 63.5
28 0.5 0 10 30
29 15.5 0.5 48.75 63.5
30 0.25 -0.25 64.25 64.75
31 0.25 0.25 20.5 59
32 32.25 18.5 32.25 45.5
33 0.25 6 64.5 56.25
34 0.5 4.25 63 57
36 0.25 27.75 64 35.5
37 0.25 16.25 63.75 47.25
38 0.25 13.75 25.25 49.5
40 14.75 0.5 49 64
41 -0.25 0.5 60.75 63
42 37.5 0.25 27.25 63.5
43 0 0.5 64.25 64.25
44 0 32.5 9 31.75
45 0.25 19.75 63.5 43.5
46 0 14.25 64 49.25
47 0 31 47.75 33
49 9.5 12.5 55 51.75
50 0 10.5 55.25 53.75
52 16 0.25 47.5 22.75
53 0.25 -0.25 64 50.75
54 0.5 0.5 26.75 48.25
56 6.5 0.75 57.25 63.25
57 0 0.5 61.75 63.75
58 33.25 0 30.75 62.5
59 0 -0.25 64.25 65
60 0.25 -0.25 63.5 64
61 0.25 0 63.75 64.5
62 0.5 0 63.75 64.5
63 0.25 -0.25 58.75 65
65 3.75 0 56 55.5
66 5.25 0 48.75 50.75
67 7.25 5.5 56 53.25
68 24.75 11.25 39.75 31
69 0.5 5.25 38 51.5
70 0 12 64.75 36.25
71 0 11.5 30 40.5
72 4.5 0 59.75 64.25
73 0 0 57 63.75
74 33 0.25 31.25 36
75 -0.5 -0.25 65 41.75
76 0.25 0.5 10 15.25
78 14.25 40.25 49.75 23.5
79 0.25 40.5 43.75 24.25
84 7.5 0 30 64
85 11 0.5 37.75 63.25
86 8.25 0.5 48.25 63.5
87 21.75 0.75 27.25 62.75
88 8.5 0.5 55.5 63.25
89 0.25 0.25 51.25 63.5
90 56.75 56.5 7.5 8.25
91 0.5 48.75 53 16
93 50.5 24.25 13.75 40
94 0.5 0.75 63.25 63.5
95 0.25 0.25 54.75 64.25
100 10.5 0.25 39 64.25
101 15.5 0 43.5 63.5
102 4.5 0.25 42.75 63.75
103 16.75 0.5 26 63.5
104 12.5 0.75 51.25 63.5
105 0.25 0 63.75 63.75
106 25 0.25 38.5 63.5
107 0.333333 0 63.3333 63.6667
108 0 7.75 10 55.75
109 11 0.5 53.5 63
110 0.5 0.75 63.75 63
111 0 0.25 54.25 63.75
116 24.5 0 35.5 56
117 4.25 0 41.5 55.5
118 8.75 0.25 39 55
119 18.25 0.25 27.25 56.25
120 12.75 0.25 51 60.5
121 0 0 63 59.5
124 43 27.5 21.25 35
125 0.25 0.25 64 62.75
126 0.75 0.25 63.75 62.75
127 0.5 0 61 63.75
128 13.75 7.25 33.5 37
129 3.75 10.75 60 42.75
130 0 9.75 59.5 44.5
131 13.25 8.25 46.5 56
136 8.75 8.5 55.25 55.5
137 0.25 9.25 64.25 54.75
138 0 8.75 57.5 55.25
139 8 9 49.25 54.75
140 0.25 0 64.25 64
141 0 0.25 64.5 64
142 0.25 0.25 64 64
143 41.25 42.5 23 21
144 5.25 4 48.5 44
145 6 6.75 58.5 48.25
146 0 7.5 57.25 45.75
147 10 0 50.5 52.75
152 7.75 -0.25 56.5 64.25
153 0.25 -0.25 64 64.5
154 0 0.25 56.75 63.75
155 7.25 0 51 64.25
156 0 0.5 63.75 63.75
157 0.25 0.25 63.75 64
158 0.25 0.25 64 63.25
160 15.75 12.75 31 29.5
161 5.75 14 58 42.25
162 0.75 13 63 42.75
163 0.5 12.75 56.75 43.75
168 7.25 0.5 57.25 57
169 0.25 0 64.25 56.75
170 0.25 0.25 54.75 54.25
171 6.75 0.25 49.25 53.5
172 0.5 0.75 63.5 63.75
173 0.25 0.5 63.75 64
174 0.25 0.25 64 63.75
176 5.5 8 58.5 46.5
177 0.25 6.25 63.75 48
178 0.25 6.5 64 47.25
179 0.25 6.25 57 46.25
182 38.25 7.75 25.75 5.25
183 0 6.75 15.75 4.75
184 37 9.25 26.75 45.5
185 0.5 8 63.25 45.25
186 0.5 7.75 28.75 46.25
187 6 8 50.25 45.75
188 0.25 0.5 63.5 63.5
189 0 0.5 64.5 63.75
190 0.25 -0.25 63.75 64.25
192 19.25 17 27.75 30.25
193 23.75 15.5 40.25 48.5
194 0.5 12 64 51.5
195 0.75 22.5 37.5 41
198 37.25 9.5 26.75 5.5
199 0.75 8.75 19.25 3.75
200 7 0.75 57.25 63.5
201 0 0.5 57.25 63.5
202 0.25 9.25 64.25 55.25
203 0.5 8.25 64 55.75
204 9.25 8.5 54.5 55.25
205 0.25 9 64.25 55
206 0 8.75 57.5 55.5
208 12.5 14.5 39.5 37.5
209 19.75 25.75 44 38.25
210 0.5 21.75 64.25 42.5
211 0.25 33.25 40.75 30.75
214 38.25 8.75 25.75 6
215 0.25 7.75 17.25 5.75
216 7.75 0.25 56.5 64.25
217 0.25 0 56 63.5
218 0.5 0 63 54.5
219 0 -0.25 64.5 54.25
220 6.5 1 57.5 63
221 0.25 0 64 64.25
222 0.25 -0.25 57.25 64.25
224 20.5 20 27 26.5
225 19.5 0 44.75 47.75
226 0 0.5 64.25 47.75
227 0.25 0.5 40.75 38.75
228 9.5 13.75 54.75 50
229 -0.25 13 64 50.75
230 0.25 25 44.75 38.25
231 5 14.5 53.25 46.25
232 -0.25 0 64.25 64
233 0 0.25 64.5 63.75
234 0.25 0 64.25 64.25
235 0.5 -0.25 64.25 64.75
236 8.25 1 55.75 54.25
237 0 0 64 54.5
238 0 -0.5 55.25 56.5